574 2147483567
4525 2147483543
631 2147482562
1234 2147482432
18 2147482364
132 2147482167
382 2147483559
663 2147483585
1300 2147481304
330 2147483467
923 2147482656
593 2147482773
353 2147482983
162 2147483157
5453 2147482634
1588 2147483010
1052 2147483558
983 2147481482
696 2147483370
19 2147483169
1159 2147482480
2148 2147483299
105 2147482170
2767 2147482833
51 2147483646
644 2147483204
2084 2147482825
308 2147482874
649 2147483185
339 2147482022
427 2147480778
34 2147482890
658 2147483070
437 2147482350
124 2147481453
49 2147480811
3917 2147481628
1309 2147482090
36 2147482954
1543 2147477597
191 2147483548
413 2147483257
751 2147483010
1706 2147483404
2103 2147483396
504 2147483151
2346 2147483391
4537 2147483415
22 2147476004
320 2147482190
642 2147482053
1645 2147480609
620 2147481673
342 2147483590
418 2147483148
