          96
         131
         182
         179
         175
           6
         185
          27
         205
          64
         220
         105
         126
          33
         161
          96
         120
         190
         119
         120
         108
          11
           5
          31
         247
         216
         249
          92
         195
         233
          69
          79
          63
          69
         218
          54
         215
         109
          13
         244
          45
          15
         252
          90
          43
         206
         231
          11
          70
         168
         235
         186
         191
         128
         150
         151
         245
         159
         157
         197
         167
         220
          58
         235
         168
         119
         251
          88
         132
         240
          73
          68
         220
         185
          97
         213
          95
         117
          60
         203
         142
         107
         211
          43
          48
         240
         225
         201
         220
         103
          38
          65
         207
          75
          18
         107
         149
           3
         228
         133
         156
         165
         137
          35
           3
         164
         245
         204
          30
         175
         187
          86
         188
          51
          13
          88
          45
         136
          73
         207
          19
          32
         148
           4
         149
         100
         151
         161
         204
         182
         225
          90
         240
         155
         167
         190
          52
         135
         237
         148
          31
          73
         175
          25
          97
         102
         233
         154

         229
           5

